0.637455259933403 0.0630509566391502 1.05029310140464e-05 0.0251505510640662 0.211579510024125 1.05029310140464e-05 0.0627427164772276
0.0784418132533646 9.90863117687831e-06 0.00930029199792361 0.0214912248309015 0.858619729936015 0.0321271227194419 9.90863117687831e-06
1.00523123163074e-05 0.00359903565974534 1.00523123163074e-05 0.0142239697833898 0.975857129845252 1.00523123163074e-05 0.00628970777466448
1.00033042977141e-05 0.00776025234622854 1.00033042977141e-05 0.0169971985804621 0.954690645187638 1.00033042977141e-05 0.0205218939727782
0.671343229828909 0.0671863734440264 0.150134058261973 9.92821002322181e-06 0.0101347260047385 0.0798869010822922 0.0213047831680371
0.577393028588778 0.0345419834535796 0.218691609135298 9.94045995684989e-06 0.0239559641647367 0.139862634646611 0.00554483955104049
0.65672308097771 0.0233349821395152 0.236962614780235 9.94535519184293e-06 0.0140971506876327 0.0688622807045237 9.94535519184293e-06
0.479400481971752 0.0599771506631555 0.17904491161737 0.00285197279872848 0.0196769247621262 0.259038621746541 9.93644032679153e-06
0.580121891099946 0.0359930717579384 0.182203481817995 0.0202872317375714 0.0111161879579638 0.168430758396381 0.00184737723220456
0.579777357713778 0.0618782777957038 0.106055506962093 0.0395276529676725 0.0163499143119265 0.131723709342658 0.0646875809061683
0.214024023286751 0.0608489061229668 0.0881029331236251 0.0387040651767669 0.0279015588613442 0.536063816418073 0.0343546970104732
0.0374413476918352 0.0758274272014812 0.0692266534366658 0.0468498681436001 0.0328485645840509 0.705790673386867 0.0320154655554994
0.202145616777472 0.0525003684224354 0.0847581511774244 0.0636951638939646 0.023632682149652 0.522523276656251 0.0507447409228005
0.064593583522414 0.0770749013331198 0.0298678956308411 0.0344645840242042 0.0266495710285999 0.767339325525988 1.01389348327221e-05
0.0410349392436333 0.0986261472018493 0.031551705260959 0.0399605122755153 0.0182836936102554 0.770533025911622 9.97649616516011e-06
0.116979740036343 0.0889544689700856 0.192484947166509 0.0707039363855109 0.0159235221109592 0.514943339326344 1.00460042496348e-05
0.169067788179419 0.0183417692865401 0.444231104574391 0.00587475391555474 1.04056637244861e-05 0.33389474782933 0.028579430551041
0.560821746369715 0.0180002433913642 0.205206543872006 9.9953484102695e-06 0.01689341489229 0.180467153466538 0.0186009026596771
0.51273365346627 9.96949387869812e-06 0.295036265089347 0.0143805244611456 0.00919451040480033 0.147396845621955 0.0212482314626037
0.0635716266479862 0.0232266790708626 1.0047045651901e-05 1.0047045651901e-05 0.0216598000078263 0.0241152638862472 0.867406536295774
0.627671488718723 0.0365864640042267 0.179127501490373 0.0044622918692001 0.0102190681845204 0.138225261798835 0.0037079239341211
0.483762967769497 0.0648986416995606 0.111817428903743 0.0209420254996216 0.00748612653304404 0.277741165062258 0.033351644532275
0.790550692838294 0.070681436763075 0.0569142959235573 0.0120911107230413 0.0130958670755555 0.0566564338233966 1.01628530800329e-05
0.593050768223557 0.0333077972592813 0.195534861597063 9.96837957147617e-06 0.0189914738090535 0.143881191284823 0.0152239394466509
0.766614672190026 0.0740636139660313 0.0874791326545279 0.00428459003984249 0.0207654028335597 0.0447035695533281 0.00208901876268408
0.778565116868469 0.0710117812246382 0.0666627215504755 9.99465289514149e-06 0.0218604755583919 0.0540492827985109 0.0078406273466196
0.789281734961115 0.0736905591808777 0.0601492837455158 0.0123191799187699 0.0142563655919583 0.050292961617296 9.9149844671607e-06
9.92227952902918e-06 0.00472400113064287 9.92227952902918e-06 0.0150267029306129 0.960955584553153 9.92227952902918e-06 0.0192639445470042
9.94351259263326e-06 0.00413270990995522 9.94351259263326e-06 0.0132081816198305 0.975315596258979 9.94351259263326e-06 0.00731368167345747
0.0442546553962886 0.0179147775312949 0.00821802188695339 0.00555024049173419 0.905105576787046 0.0161600211110229 0.00279670679565991
0.0412676402498845 0.0195884206357704 0.003896515199728 0.00647688428614158 0.903926337880652 0.0195245009003681 0.00531970084745527
0.0475567820269934 0.0273176120741579 0.00908593752568592 0.00558775854616345 0.887224119640714 0.0227041455535511 0.000523644632734346
0.0501453388183749 0.018867325918592 0.00418374762700365 1.01990961354529e-05 0.900609551812195 0.0261736376315637 1.01990961354529e-05
0.0452081750694508 0.02276813220771 0.0051574591999353 0.00344094680069539 0.89717774071741 0.0227467628817762 0.00350078312302252
0.0243320092703841 0.00134932833186569 0.843154771901629 1.05167740750616e-05 0.0150060929265301 0.0776255895994802 0.0385216911960358
0.0185419654122702 1.07433084983596e-05 0.863575209914838 1.07433084983596e-05 0.00595325442184682 0.0808707085005547 0.0310373751334933
0.0291404768531852 0.00135001791293073 0.829364119179486 0.00716226368741444 0.0113404284792276 0.0890798392493186 0.0325628546384374
0.021975375180133 0.000210348897215089 0.817853235144575 1.02889967881257e-05 0.00677806049268966 0.0805530287368935 0.0726196625517056
9.84643442862622e-06 9.84643442862622e-06 0.0425850963210601 9.84643442862622e-06 0.930503749500599 0.0257077791398557 0.00117383573519909
0.206720385933306 0.041471982235946 0.0510171067565184 0.0271372309258698 0.623588970677789 0.0470877394110216 0.0029765840595484
9.93760542795363e-06 0.0034057015485968 0.0332312913121209 9.93760542795363e-06 0.918276974950819 0.0450562193721794 9.93760542795363e-06
0.0456747987390722 0.0105230755796773 0.0297765733257898 9.91866537678519e-06 0.852061134768284 0.061944580256423 9.91866537678519e-06
9.60745955517807e-06 0.0346791941188814 0.00503596604929104 9.60745955517807e-06 0.945210285198797 9.60745955517807e-06 0.0150457322543654
0.615865875734625 0.103761407732216 1.01105698317677e-05 0.0289280397935214 0.174908848166209 0.0707883470547433 0.00573737094885388
0.773217659583161 0.0891786540511882 9.86464767670915e-06 0.0138152237669504 0.0810098258671993 0.0427589074361474 9.86464767670915e-06
0.758669362337658 0.0829764496406744 9.98304411976395e-06 0.00895163893272132 0.0519308906357521 0.0807941833049596 0.0166674921041149
0.767855457594052 0.0715471342472675 9.79243872068623e-06 0.010055975283037 0.036290094194912 0.0848147562176423 0.0294267900243683
0.61198576222585 0.0416942502806472 0.115085124272136 9.94477302061004e-06 0.0290780525785467 0.182857685313907 0.0192891805558935
0.725013044059211 0.0442623204894223 0.0964925351778936 1.0035288863442e-05 0.0180248283707482 0.116187201324998 1.0035288863442e-05
0.679799624932728 0.0690831935738545 9.90894110232524e-06 9.90894110232524e-06 0.0921827149808297 0.158904739689281 9.90894110232524e-06
0.793352906929556 0.0990103375436149 9.99345996632055e-06 0.00915608807994364 0.0551930913254974 0.0237055714680712 0.0195720111933507
0.737808913057149 0.0866267560803915 9.99811098238415e-06 0.0206303903238179 0.052075281293307 0.0690050593786155 0.0338436017557362
0.637295183976929 0.122535265343981 9.99238753217708e-06 0.0722296592379753 0.0678330317551784 9.99238753217708e-06 0.100086874910872
0.730852563084594 0.0696800820372911 1.0303454921084e-05 0.00653338027739808 0.0888010312653158 0.0734745340415214 0.0306481058389582
0.523265479368424 0.0662706378951688 0.0288663707116457 0.0713078911440147 0.0615602195726143 0.142403222078308 0.106326179229825
9.58335003985547e-06 9.58335003985547e-06 9.58335003985547e-06 9.58335003985547e-06 9.58335003985547e-06 0.0359172224766636 0.964034860773137
9.49090515703068e-06 9.49090515703068e-06 9.49090515703068e-06 0.0344671885225049 0.00956594443409238 9.49090515703068e-06 0.955928903422775
9.71938516913336e-06 9.71938516913336e-06 9.71938516913336e-06 0.00738019504507681 9.71938516913336e-06 9.71938516913336e-06 0.992571208029077
0.0120796402227515 9.88110369880061e-06 0.0198904635379561 9.88110369880061e-06 9.88110369880061e-06 0.0267196698417053 0.941280583086491
0.0232681340213541 0.113737889402121 0.00689614009783223 0.220592470287771 0.0246975146276892 0.610797801869133 1.0049694099666e-05
0.0101088198913858 0.487728538498938 0.0197141908185894 0.00133065916734743 0.0462419719127564 0.434866060399701 9.75931128183294e-06
9.8233872207593e-06 9.8233872207593e-06 9.8233872207593e-06 0.261701411795925 0.0119242401667754 0.726335054488417 9.8233872207593e-06
0.0273716485602805 9.78248341583602e-06 0.00883110842678572 0.95592578430827 0.00105560285085513 9.78248341583602e-06 0.00679629088697712
9.59975588430923e-06 0.890446608541706 0.0011359380677168 0.0660016899380511 0.0209514194785953 9.59975588430923e-06 0.0214451444621623
9.72296974504002e-06 0.910028850923101 0.0147074740598707 0.0300439935640279 9.72296974504002e-06 0.0451905125437656 9.72296974504002e-06
8.95069757321959e-06 0.735562918724635 8.95069757321959e-06 0.130212100567277 0.0378122988954836 8.95069757321959e-06 0.0963858297198848
0.0177946622156595 9.48609555444566e-06 9.48609555444566e-06 0.879233746286133 9.48609555444566e-06 0.10293364711599 9.48609555444566e-06
0.0518017131882377 0.883750657806457 9.46404478752225e-06 9.46404478752225e-06 0.00465487062066109 0.0597643662502812 9.46404478752225e-06
0.014857993637562 0.760924999452941 0.0150784369934049 9.85798550739711e-06 0.0032732510637825 0.205845602881295 9.85798550739711e-06
0.0189186606490956 0.0463209346818352 9.65403489880931e-06 0.557235938343695 0.0282391585172179 0.349265999738358 9.65403489880931e-06
9.38785456248181e-06 0.0121461469086684 9.38785456248181e-06 0.849665477504297 9.38785456248181e-06 0.138150824168785 9.38785456248181e-06
0.0263881915290401 9.64543560504674e-06 9.64543560504674e-06 0.960971319897663 0.00738593202077385 9.64543560504674e-06 0.00522562024570762
1.00020795799186e-05 0.589847201170734 0.0298178375126752 0.0713959664695044 0.00616856971617711 0.23228349404672 0.070476929004609
9.35782140171055e-06 0.0120019501021401 9.35782140171055e-06 0.954752072356173 9.35782140171055e-06 9.35782140171055e-06 0.0332085462560795
0.048103774846719 0.929930512737558 9.62993817135987e-06 0.0110790569159753 0.0108577656852335 9.62993817135987e-06 9.62993817135987e-06
0.0498100424752073 0.946687601400413 0.00346506656497473 9.32238985115103e-06 9.32238985115103e-06 9.32238985115103e-06 9.32238985115103e-06
1.02806748079481e-05 0.804408812906458 1.02806748079481e-05 0.0160630060690512 1.02806748079481e-05 0.15751076156026 0.0219865774398075
9.94337174039001e-06 0.0409400887458309 0.0254214589943853 0.0685382875577407 0.0395215930255549 0.825558684933007 9.94337174039001e-06
9.91463258494602e-06 0.0666534803120948 0.0189571360142078 0.027913717054043 0.0307863293775873 0.853555350216755 0.00212407239272773
1.00191884772315e-05 0.0580557616465886 0.0344152564758661 0.0959589518675239 0.0110485860957802 0.800501405537287 1.00191884772315e-05
0.0344196229484547 0.0531529745755581 0.0157758118521971 0.114218100269168 0.0190737804656856 0.763349758413104 9.95147583230273e-06
9.74556834428184e-06 0.0563569543656374 0.00698026439166075 0.214279137745782 9.74556834428184e-06 0.715883107352397 0.00648104500783461
0.225248721291104 0.0581547846486248 0.211807952365833 0.0263487762353255 0.00754901977430768 0.470880878437168 9.86724763671336e-06
0.0283999589888859 0.104642314119996 0.0117300639937934 0.0528342861719314 9.98793588814131e-06 0.788979662717698 0.0134037260718079
0.010403787158638 0.0106177562950247 1.0004815423715e-05 0.118688680806604 1.0004815423715e-05 0.843235792514148 0.0170339735947374
0.435368642682277 0.1121275359302 0.0122919888443396 0.0524376907422145 0.0343402045223467 0.347373987970622 0.00605994930800007
0.041166809687553 0.0777484875172683 0.0222939965981395 0.0483932348122526 0.0392508993094352 0.765823493316238 0.00532307875911339
9.39172564829456e-06 0.250387336946662 9.39172564829456e-06 0.138407870242987 9.39172564829456e-06 0.611167225907758 9.39172564829456e-06
0.244639932933644 0.0206477062986022 0.419748098543972 9.73605193315964e-06 9.73605193315964e-06 0.314935054067983 9.73605193315964e-06
0.148794373775775 0.0526515848523794 0.660965675428613 0.0445368072801764 0.0296665260210266 9.85426545072481e-06 0.063375178376578
0.363007216210258 9.97527508415065e-06 0.47861786556297 0.0255385894651044 9.97527508415065e-06 0.132806402936416 9.97527508415065e-06
0.249077630495939 0.00355757442058833 0.295464858083502 0.00910238658936101 0.0245039173509963 0.0258243735719016 0.392469259487712
0.0664781889507929 0.0113444231269972 0.798319731089764 0.0314658293231061 0.0306241750002622 1.00008852844396e-05 0.0617576516237937
0.228621303454717 0.0533389941625228 0.692618415276413 0.0110532667062695 0.0092622345483463 1.00855484996859e-05 0.00509570030323115
0.399351050637728 0.073558308074553 0.165594877226226 9.9992298396657e-06 0.00303746474479304 0.358438300857021 9.9992298396657e-06
0.43167090560986 0.0261506445988951 0.373308282330561 9.85105237418674e-06 0.00446083671499304 0.123505106587676 0.0408943731056397
0.412613129563686 0.00650106144426866 0.445454427424207 9.86108602868844e-06 9.86108602868844e-06 0.0935161431924219 0.0418955162033585
0.210277101486235 9.97911298514855e-06 0.689704889690812 0.00708991161341236 9.97911298514855e-06 0.0616538941186996 0.0312542448648709
0.241658074436013 0.00862426210427439 0.6886389977976 9.90853666155852e-06 9.90853666155852e-06 0.0610489400521281 9.90853666155852e-06
0.224016048006389 9.92024753128744e-06 0.650457553473785 0.00177266975908539 0.0146832209344451 0.0481970933356727 0.0608634942430916
0.312671521344656 0.0220054570996751 0.559650756603225 0.00216914332917619 9.79427962995308e-06 0.0491558101073695 0.0543375172362684
0.165426035468897 0.0210440175457439 0.647275080932861 0.00832492696028842 0.0116939822007457 0.082415266162566 0.0638206907288981
0.166122098496301 0.0257556698686138 0.354321699479102 0.0228755133447243 0.0918044200159214 0.236386973265706 0.10273362552963
0.62198976940666 0.0480904650810683 0.202631486817333 0.0105847302300493 0.0111312472402228 0.0319374342210926 0.0736348670035747
0.0679069064630538 0.0497482438396086 0.637003787933232 0.0678184105303037 0.0418885775035759 1.06225083355562e-05 0.135623451221891
0.0186343662414752 0.0137293800182224 0.794125101378172 0.00118772717356014 9.99148880228799e-06 0.141395750909854 0.0309176827899143
0.0157313318078511 0.0334777213635187 0.812325513916313 0.0186696367458218 0.0164854399101824 0.0578797593346991 0.0454305969216139
0.0204525070915782 9.95176737619451e-06 0.819564696927222 0.00301176893174373 9.95176737619451e-06 0.150651740732191 0.0062993827825134
0.0636036851817831 0.00861357611925326 0.847908363648991 0.00151553797196102 9.87776075887118e-06 0.0783390815564938 9.87776075887118e-06
0.0237769255925225 1.0008442198427e-05 0.812039999837403 0.015130625929217 0.0102286913980355 0.0884615099420018 0.0503522388586221
0.429870842025782 9.8035643972312e-06 0.387182038559237 9.8035643972312e-06 0.0130920102307581 0.0623712945108208 0.107464207544608
