0.736037 0.000010 0.216744 0.000010 0.000010 0.047188
0.000010 0.006383 0.993577 0.000010 0.000010 0.000010
0.000010 0.000010 0.999950 0.000010 0.000010 0.000010
0.000010 0.000010 0.999950 0.000010 0.000010 0.000010
0.728415 0.010207 0.000010 0.000010 0.239949 0.021409
0.518248 0.000010 0.025908 0.025727 0.420313 0.009794
0.593723 0.000010 0.018936 0.000010 0.380958 0.006363
0.540583 0.033721 0.031116 0.146755 0.241978 0.005847
0.582325 0.056828 0.021474 0.081356 0.238049 0.019968
0.793718 0.000010 0.000010 0.000010 0.204316 0.001936
0.491308 0.086836 0.019722 0.277909 0.109088 0.015138
0.408617 0.108211 0.040964 0.376859 0.065339 0.000010
0.509915 0.101069 0.006013 0.251185 0.109414 0.022404
0.464104 0.120503 0.054799 0.352593 0.007991 0.000010
0.353415 0.126508 0.032247 0.448424 0.031024 0.008382
0.430636 0.148845 0.055587 0.356408 0.000010 0.008513
0.189389 0.003391 0.000010 0.024486 0.774937 0.007787
0.653397 0.025954 0.013543 0.013314 0.272493 0.021299
0.645284 0.028372 0.000010 0.000010 0.303882 0.022442
0.000010 0.000010 0.000010 0.000010 0.000010 0.999950
0.692692 0.015848 0.000010 0.033575 0.252019 0.005857
0.498504 0.067739 0.027566 0.190513 0.184270 0.031408
0.887706 0.019407 0.000010 0.000010 0.092857 0.000010
0.616668 0.001527 0.001856 0.020024 0.337791 0.022134
0.684865 0.000010 0.025822 0.000010 0.284927 0.004366
0.797845 0.000010 0.000010 0.000010 0.152361 0.049764
0.966657 0.000010 0.000010 0.000010 0.033303 0.000010
0.000010 0.000010 0.999950 0.000010 0.000010 0.000010
0.000010 0.000010 0.999950 0.000010 0.000010 0.000010
0.000010 0.003224 0.970648 0.004476 0.000010 0.021633
0.000010 0.000010 0.999950 0.000010 0.000010 0.000010
0.098409 0.000721 0.849857 0.050993 0.000010 0.000010
0.000010 0.000010 0.999950 0.000010 0.000010 0.000010
0.000010 0.000010 0.999950 0.000010 0.000010 0.000010
0.000010 0.000010 0.000010 0.006790 0.993170 0.000010
0.000010 0.000010 0.000010 0.000010 0.999950 0.000010
0.000010 0.002584 0.000010 0.000010 0.997376 0.000010
0.000010 0.000010 0.000010 0.000010 0.870873 0.129087
0.000010 0.000010 0.999950 0.000010 0.000010 0.000010
0.285592 0.034733 0.636935 0.000992 0.039381 0.002367
0.000010 0.000010 0.999950 0.000010 0.000010 0.000010
0.000010 0.000010 0.996097 0.003863 0.000010 0.000010
0.000010 0.000010 0.999950 0.000010 0.000010 0.000010
0.743436 0.027961 0.171914 0.042272 0.000010 0.014406
0.908362 0.000010 0.058449 0.006728 0.026441 0.000010
0.945031 0.000010 0.022731 0.000010 0.032208 0.000010
0.997086 0.000010 0.000010 0.000010 0.000010 0.002874
0.662797 0.004836 0.034062 0.069235 0.204018 0.025052
0.804846 0.000010 0.000010 0.000010 0.180945 0.014178
0.833004 0.014344 0.088663 0.041395 0.017619 0.004975
0.967812 0.000010 0.032148 0.000010 0.000010 0.000010
0.996414 0.000010 0.003546 0.000010 0.000010 0.000010
0.999950 0.000010 0.000010 0.000010 0.000010 0.000010
0.832140 0.000023 0.130381 0.000618 0.000010 0.036828
0.989309 0.010651 0.000010 0.000010 0.000010 0.000010
0.000010 0.000010 0.000010 0.000010 0.000010 0.999950
0.000010 0.000010 0.000010 0.000010 0.000010 0.999950
0.000010 0.000010 0.000010 0.000010 0.000010 0.999950
0.000010 0.000010 0.000010 0.008007 0.161196 0.830767
0.317878 0.201817 0.026987 0.453298 0.000010 0.000010
0.217040 0.047241 0.051092 0.684606 0.000010 0.000010
0.281650 0.367736 0.027404 0.323191 0.000010 0.000010
0.000010 0.999950 0.000010 0.000010 0.000010 0.000010
0.000010 0.000010 0.000010 0.999950 0.000010 0.000010
0.000010 0.000010 0.000010 0.999950 0.000010 0.000010
0.000010 0.000010 0.000010 0.999950 0.000010 0.000010
0.000010 0.999950 0.000010 0.000010 0.000010 0.000010
0.000010 0.000010 0.000010 0.999950 0.000010 0.000010
0.000010 0.003398 0.006600 0.973637 0.000010 0.016345
0.151622 0.630958 0.007160 0.210240 0.000010 0.000010
0.000010 0.999950 0.000010 0.000010 0.000010 0.000010
0.000010 0.999950 0.000010 0.000010 0.000010 0.000010
0.126515 0.045506 0.000010 0.816721 0.000010 0.011238
0.000010 0.999950 0.000010 0.000010 0.000010 0.000010
0.000010 0.000010 0.000010 0.999950 0.000010 0.000010
0.000010 0.000010 0.000010 0.999950 0.000010 0.000010
0.000010 0.000010 0.000010 0.999950 0.000010 0.000010
0.350923 0.172490 0.071497 0.373945 0.031135 0.000010
0.375211 0.140898 0.046484 0.409503 0.027893 0.000010
0.348421 0.205098 0.016799 0.401328 0.028345 0.000010
0.380340 0.213861 0.031994 0.365421 0.008375 0.000010
0.342142 0.308281 0.000010 0.349547 0.000010 0.000010
0.455328 0.102233 0.020588 0.255739 0.149525 0.016588
0.411543 0.128671 0.024294 0.430593 0.000010 0.004889
0.390551 0.225336 0.026792 0.353516 0.000094 0.003711
0.589808 0.090066 0.036061 0.261079 0.022976 0.000010
0.438056 0.130402 0.042078 0.389444 0.000010 0.000010
0.190036 0.219270 0.000010 0.590663 0.000010 0.000010
0.196527 0.027835 0.015720 0.056074 0.703833 0.000010
0.111656 0.000010 0.020980 0.000010 0.841808 0.025536
0.327070 0.042462 0.001461 0.000010 0.628987 0.000010
0.270063 0.000010 0.000010 0.000010 0.392288 0.337618
0.000010 0.000899 0.001991 0.000010 0.957904 0.039186
0.176828 0.000010 0.001090 0.003537 0.802387 0.016148
0.701349 0.036094 0.000664 0.168119 0.085867 0.007907
0.408842 0.000010 0.012449 0.039782 0.483319 0.055599
0.267870 0.000010 0.000010 0.000010 0.690845 0.041255
0.144345 0.010017 0.000010 0.000010 0.814870 0.030748
0.182977 0.000010 0.000010 0.000010 0.803899 0.013094
0.191771 0.000010 0.000012 0.000010 0.752442 0.055755
0.235596 0.010343 0.000010 0.000010 0.672733 0.081308
0.125555 0.000010 0.000010 0.023676 0.822641 0.028108
0.382477 0.029762 0.096766 0.090140 0.354127 0.046729
0.596367 0.013910 0.000010 0.000010 0.325627 0.064077
0.000010 0.000010 0.000010 0.000010 0.999950 0.000010
0.000010 0.000735 0.000010 0.056371 0.924535 0.018339
0.000010 0.000010 0.000010 0.000010 0.999950 0.000010
0.000010 0.021603 0.000010 0.018926 0.958807 0.000645
0.000010 0.000010 0.000010 0.000010 0.999950 0.000010
0.000010 0.000010 0.000010 0.000010 0.976879 0.023081
0.380334 0.000010 0.000010 0.000010 0.521807 0.097829
