0.000010 0.000010 0.000010 0.000010 0.000010 0.999930 0.000010 0.000010
0.000010 0.000010 0.007054 0.992886 0.000010 0.000010 0.000010 0.000010
0.000010 0.000010 0.000010 0.999930 0.000010 0.000010 0.000010 0.000010
0.000010 0.000010 0.000010 0.999930 0.000010 0.000010 0.000010 0.000010
0.000010 0.017302 0.016469 0.000010 0.926420 0.000010 0.000010 0.039769
0.065204 0.010497 0.000010 0.022304 0.535134 0.032302 0.000010 0.334541
0.000010 0.003274 0.003677 0.028084 0.696532 0.000010 0.000010 0.268403
0.306494 0.003539 0.000010 0.024116 0.489782 0.000010 0.017201 0.158848
0.224963 0.018698 0.022933 0.013636 0.511138 0.050897 0.000010 0.157725
0.000010 0.000010 0.000010 0.000010 0.999930 0.000010 0.000010 0.000010
0.634004 0.021944 0.000010 0.000010 0.226570 0.028231 0.017609 0.071622
0.821537 0.000010 0.000010 0.017908 0.093223 0.000010 0.024099 0.043203
0.598727 0.025789 0.011021 0.000010 0.318989 0.000010 0.000010 0.045446
0.793206 0.000010 0.000010 0.020141 0.160125 0.000010 0.026488 0.000010
0.859776 0.013225 0.000010 0.000010 0.000010 0.026799 0.095121 0.005049
0.852958 0.002590 0.017197 0.023365 0.000010 0.092937 0.010932 0.000010
0.055903 0.005818 0.000010 0.000010 0.203779 0.000010 0.000010 0.734461
0.078494 0.016961 0.017703 0.009546 0.640095 0.058569 0.000010 0.178622
0.088180 0.017171 0.006772 0.000010 0.680142 0.000013 0.000010 0.207702
0.000010 0.999930 0.000010 0.000010 0.000010 0.000010 0.000010 0.000010
0.100318 0.006966 0.002282 0.000010 0.764599 0.000010 0.002737 0.123077
0.474148 0.030577 0.000010 0.011738 0.349858 0.000010 0.000010 0.133648
0.000010 0.000010 0.021701 0.000010 0.978239 0.000010 0.000010 0.000010
0.084319 0.018535 0.000010 0.000724 0.679839 0.000010 0.000010 0.216553
0.000010 0.000010 0.000010 0.020644 0.865337 0.000010 0.000010 0.113969
0.000010 0.045441 0.000010 0.000010 0.770351 0.129771 0.001891 0.052516
0.000010 0.000010 0.000010 0.000010 0.999930 0.000010 0.000010 0.000010
0.000010 0.000010 0.000010 0.999927 0.000010 0.000013 0.000010 0.000010
0.000010 0.000010 0.000010 0.999927 0.000013 0.000010 0.000010 0.000010
0.000010 0.010401 0.000489 0.928028 0.000010 0.058965 0.002086 0.000010
0.000010 0.000010 0.000010 0.999930 0.000010 0.000010 0.000010 0.000010
0.005126 0.000010 0.002215 0.847302 0.000010 0.097828 0.041609 0.005900
0.000010 0.000010 0.000010 0.962973 0.000010 0.036967 0.000010 0.000010
0.000010 0.000010 0.000010 0.999930 0.000010 0.000010 0.000010 0.000010
0.000010 0.000010 0.000010 0.000010 0.000010 0.000010 0.015059 0.984881
0.000010 0.000010 0.000010 0.000010 0.000010 0.000010 0.000010 0.999930
0.000010 0.000010 0.001078 0.000010 0.000010 0.000010 0.000010 0.998862
0.000010 0.128597 0.000010 0.000010 0.000010 0.000010 0.000010 0.871343
0.000010 0.000010 0.000010 0.999930 0.000010 0.000010 0.000010 0.000010
0.004507 0.000010 0.036824 0.621036 0.191112 0.125216 0.000010 0.021284
0.000010 0.000010 0.000010 0.999930 0.000010 0.000010 0.000010 0.000010
0.000010 0.000010 0.000010 0.993400 0.004389 0.000010 0.002161 0.000010
0.000010 0.000010 0.000010 0.999930 0.000010 0.000010 0.000010 0.000010
0.000010 0.000010 0.000010 0.000010 0.000010 0.999930 0.000010 0.000010
0.032069 0.000010 0.000010 0.029496 0.619823 0.318573 0.000010 0.000010
0.000010 0.000010 0.000010 0.000010 0.679775 0.317887 0.002288 0.000010
0.008423 0.000010 0.000010 0.000010 0.632471 0.359056 0.000010 0.000010
0.143173 0.031072 0.000010 0.031494 0.686421 0.000010 0.011516 0.096304
0.000010 0.000424 0.000010 0.000010 0.980678 0.001587 0.017272 0.000010
0.100875 0.000010 0.000010 0.036857 0.498241 0.361931 0.002068 0.000010
0.000010 0.000010 0.000010 0.000010 0.661460 0.338480 0.000010 0.000010
0.000010 0.000010 0.000010 0.000010 0.692463 0.307477 0.000010 0.000010
0.000010 0.000010 0.000010 0.000010 0.000010 0.999930 0.000010 0.000010
0.000010 0.000010 0.000010 0.000010 0.000010 0.999930 0.000010 0.000010
0.077466 0.000010 0.000010 0.000010 0.783680 0.138804 0.000010 0.000010
0.000010 0.999930 0.000010 0.000010 0.000010 0.000010 0.000010 0.000010
0.000010 0.999930 0.000010 0.000010 0.000010 0.000010 0.000010 0.000010
0.000010 0.999930 0.000010 0.000010 0.000010 0.000010 0.000010 0.000010
0.000010 0.826549 0.000010 0.000010 0.025211 0.000010 0.011528 0.136673
0.956803 0.000010 0.036829 0.000010 0.000010 0.000010 0.006318 0.000010
0.457536 0.000010 0.000010 0.035621 0.012888 0.036086 0.457839 0.000010
0.757582 0.000010 0.242358 0.000010 0.000010 0.000010 0.000010 0.000010
0.000010 0.000010 0.999930 0.000010 0.000010 0.000010 0.000010 0.000010
0.000010 0.000010 0.000010 0.000010 0.000010 0.000010 0.999930 0.000010
0.000010 0.000010 0.000010 0.000010 0.000010 0.000010 0.999930 0.000010
0.000010 0.000010 0.000010 0.000010 0.000010 0.000010 0.999930 0.000010
0.000010 0.000010 0.999930 0.000010 0.000010 0.000010 0.000010 0.000010
0.000017 0.000010 0.000010 0.000010 0.000010 0.000010 0.999923 0.000010
0.284071 0.000010 0.000010 0.000010 0.000010 0.000010 0.715869 0.000010
0.448178 0.000010 0.551762 0.000010 0.000010 0.000010 0.000010 0.000010
0.000010 0.000010 0.999930 0.000010 0.000010 0.000010 0.000010 0.000010
0.000010 0.000010 0.999924 0.000016 0.000010 0.000010 0.000010 0.000010
0.498037 0.000010 0.000010 0.000010 0.000010 0.000010 0.501903 0.000010
0.000010 0.000010 0.999930 0.000010 0.000010 0.000010 0.000010 0.000010
0.000010 0.000010 0.000010 0.000010 0.000010 0.000010 0.999930 0.000010
0.000010 0.000010 0.000010 0.000010 0.000010 0.000010 0.999930 0.000010
0.156665 0.000010 0.000010 0.000010 0.000010 0.000010 0.843275 0.000010
0.944909 0.000010 0.024853 0.030189 0.000010 0.000010 0.000010 0.000010
0.999930 0.000010 0.000010 0.000010 0.000010 0.000010 0.000010 0.000010
0.948872 0.000010 0.051068 0.000010 0.000010 0.000010 0.000010 0.000010
0.912079 0.000010 0.086412 0.000010 0.000010 0.001459 0.000010 0.000010
0.849298 0.000010 0.150642 0.000010 0.000010 0.000010 0.000010 0.000010
0.636534 0.019951 0.000206 0.007262 0.157185 0.044408 0.000010 0.134445
0.876789 0.006502 0.000357 0.000010 0.039728 0.016293 0.060312 0.000010
0.924975 0.000010 0.074965 0.000010 0.000010 0.000010 0.000010 0.000010
0.470133 0.000010 0.016716 0.012341 0.342097 0.099092 0.059602 0.000010
0.840738 0.000010 0.000010 0.011516 0.024310 0.077289 0.046117 0.000010
0.675287 0.000010 0.090309 0.000010 0.000010 0.000010 0.234354 0.000010
0.150959 0.000010 0.000015 0.008719 0.187712 0.000010 0.000010 0.652565
0.000010 0.023444 0.000010 0.013004 0.181897 0.000010 0.008892 0.772733
0.024309 0.000010 0.034252 0.000225 0.392533 0.000010 0.000010 0.548652
0.001356 0.338190 0.000010 0.000010 0.318733 0.000010 0.000010 0.341681
0.000010 0.040736 0.003729 0.004834 0.006246 0.000010 0.000010 0.944425
0.000010 0.011455 0.000010 0.000010 0.211326 0.024873 0.007384 0.744932
0.282883 0.005749 0.000010 0.000010 0.499560 0.140017 0.046028 0.025743
0.033994 0.055613 0.000010 0.011434 0.471655 0.000010 0.025837 0.401446
0.000010 0.035875 0.000010 0.000010 0.354000 0.000010 0.000010 0.610074
0.000010 0.026958 0.007050 0.000010 0.202945 0.000010 0.000010 0.763007
0.000010 0.009040 0.000010 0.000010 0.251651 0.000010 0.000010 0.739260
0.000010 0.056103 0.000010 0.000010 0.235259 0.001776 0.000010 0.706821
0.000010 0.071573 0.009452 0.000010 0.360886 0.000010 0.000010 0.558049
0.004860 0.025974 0.000010 0.000010 0.185057 0.000010 0.017562 0.766517
0.221678 0.040459 0.000010 0.065233 0.142914 0.183522 0.000010 0.346173
0.000010 0.051633 0.023148 0.000010 0.725184 0.000010 0.000010 0.199994
0.000010 0.000010 0.000010 0.000010 0.000010 0.000010 0.000010 0.999930
0.046885 0.019643 0.000010 0.000010 0.000010 0.000010 0.025428 0.908003
0.000010 0.000010 0.000010 0.000010 0.000010 0.000010 0.000010 0.999930
0.075819 0.000010 0.000010 0.000010 0.000010 0.000010 0.000010 0.924121
0.000010 0.000010 0.000010 0.000010 0.000010 0.000010 0.000010 0.999930
0.000010 0.023232 0.000010 0.000010 0.000010 0.000010 0.000010 0.976708
0.000010 0.096079 0.000010 0.000010 0.470013 0.000010 0.000010 0.433858
