0.561945 0.339470 0.098584
0.000010 0.999980 0.000010
0.000010 0.999980 0.000010
0.000010 0.999980 0.000010
0.779138 0.097420 0.123442
0.782347 0.100127 0.117526
0.788180 0.104377 0.107443
0.622295 0.109704 0.268000
0.666451 0.093758 0.239790
0.759970 0.111018 0.129012
0.477836 0.087265 0.434899
0.355001 0.099502 0.545497
0.491823 0.080472 0.427704
0.347582 0.119016 0.533402
0.302064 0.087029 0.610907
0.313948 0.119411 0.566640
0.866226 0.020014 0.113760
0.736130 0.109185 0.154685
0.769358 0.087455 0.143187
0.906784 0.072330 0.020886
0.738728 0.089753 0.171520
0.563633 0.099940 0.336427
0.717222 0.116804 0.165974
0.774119 0.089376 0.136505
0.758332 0.136070 0.105598
0.765244 0.122838 0.111918
0.752405 0.107063 0.140532
0.000010 0.999980 0.000010
0.000010 0.999980 0.000010
0.015090 0.979145 0.005766
0.000010 0.999980 0.000010
0.069028 0.869192 0.061780
0.000010 0.999980 0.000010
0.000010 0.999980 0.000010
0.897182 0.017330 0.085487
0.905668 0.000010 0.094322
0.908237 0.000010 0.091753
0.940963 0.000010 0.059027
0.000010 0.999980 0.000010
0.235244 0.680375 0.084381
0.000010 0.999980 0.000010
0.000010 0.999980 0.000010
0.000010 0.999980 0.000010
0.537565 0.278346 0.184089
0.647933 0.196145 0.155922
0.685289 0.166407 0.148303
0.681202 0.159018 0.159779
0.683797 0.134128 0.182075
0.762303 0.111755 0.125942
0.615609 0.207237 0.177154
0.690521 0.171281 0.138198
0.685266 0.159429 0.155304
0.684549 0.148696 0.166754
0.598566 0.256302 0.145132
0.695374 0.133038 0.171588
0.994751 0.005239 0.000010
0.999980 0.000010 0.000010
0.999980 0.000010 0.000010
0.974851 0.025139 0.000010
0.214130 0.080400 0.705470
0.198902 0.095590 0.705508
0.172944 0.074387 0.752669
0.000010 0.000010 0.999980
0.000010 0.000010 0.999980
0.000010 0.000010 0.999980
0.000010 0.000010 0.999980
0.000010 0.000010 0.999980
0.117259 0.027574 0.855168
0.151810 0.043596 0.804595
0.060130 0.042412 0.897458
0.000010 0.000010 0.999980
0.000010 0.000010 0.999980
0.209293 0.027278 0.763429
0.000010 0.000010 0.999980
0.096117 0.027081 0.876803
0.067663 0.000010 0.932327
0.092861 0.000010 0.907129
0.280735 0.119559 0.599706
0.297044 0.101289 0.601668
0.277624 0.057828 0.664548
0.271028 0.088524 0.640449
0.224088 0.039783 0.736129
0.480271 0.083747 0.435982
0.307750 0.085476 0.606774
0.271215 0.079370 0.649415
0.451877 0.125247 0.422876
0.308361 0.110754 0.580885
0.139734 0.016670 0.843595
0.789320 0.038922 0.171758
0.886483 0.038316 0.075201
0.816359 0.048728 0.134913
0.920264 0.052441 0.027295
0.935036 0.023552 0.041412
0.886498 0.024414 0.089087
0.593995 0.103416 0.302589
0.811468 0.066456 0.122076
0.907912 0.032693 0.059395
0.912649 0.014040 0.073311
0.915444 0.012750 0.071806
0.914698 0.026050 0.059251
0.902347 0.006323 0.091329
0.889512 0.017997 0.092491
0.655062 0.150758 0.194180
0.800084 0.080050 0.119866
0.995096 0.000010 0.004894
0.866099 0.000010 0.133891
0.900080 0.000010 0.099910
0.879918 0.000010 0.120072
0.914123 0.000010 0.085867
0.913175 0.000010 0.086815
0.885274 0.059296 0.055430
