0.339720 0.540640 0.036952 0.063566 0.019122
0.991404 0.000010 0.000010 0.000010 0.008566
0.999960 0.000010 0.000010 0.000010 0.000010
0.999960 0.000010 0.000010 0.000010 0.000010
0.094259 0.815415 0.034627 0.031933 0.023766
0.098989 0.814368 0.066824 0.019809 0.000010
0.106102 0.836514 0.029708 0.017044 0.010631
0.107437 0.649787 0.188234 0.012013 0.042530
0.095160 0.691739 0.121665 0.026765 0.064671
0.111816 0.816214 0.064587 0.007373 0.000010
0.087787 0.480830 0.317322 0.019153 0.094907
0.098138 0.367360 0.418524 0.000010 0.115968
0.079293 0.489685 0.297152 0.026435 0.107435
0.118133 0.358667 0.396042 0.003037 0.124122
0.081667 0.287190 0.490573 0.011315 0.129254
0.118335 0.313021 0.408083 0.009127 0.151433
0.019812 0.912310 0.043174 0.022313 0.002391
0.109647 0.765763 0.061450 0.028301 0.034839
0.087539 0.803210 0.031328 0.033549 0.044374
0.000010 0.000010 0.000010 0.999960 0.000010
0.092269 0.775976 0.089251 0.016670 0.025834
0.098372 0.555436 0.227076 0.042048 0.077068
0.116257 0.783066 0.060782 0.000010 0.039885
0.088999 0.802323 0.066721 0.032562 0.009395
0.135586 0.812189 0.025925 0.014064 0.012236
0.117461 0.768803 0.060044 0.053682 0.000010
0.108321 0.815236 0.057233 0.001669 0.017540
0.999960 0.000010 0.000010 0.000010 0.000010
0.999960 0.000010 0.000010 0.000010 0.000010
0.970794 0.000010 0.000626 0.024707 0.003864
0.999960 0.000010 0.000010 0.000010 0.000010
0.868905 0.067948 0.059641 0.000010 0.003496
0.999960 0.000010 0.000010 0.000010 0.000010
0.999960 0.000010 0.000010 0.000010 0.000010
0.014170 0.929985 0.026149 0.029686 0.000010
0.000010 0.963657 0.027743 0.008580 0.000010
0.000010 0.991831 0.000010 0.000010 0.008139
0.000010 0.835369 0.009765 0.154846 0.000010
0.999960 0.000010 0.000010 0.000010 0.000010
0.678676 0.250494 0.027933 0.005774 0.037123
0.999960 0.000010 0.000010 0.000010 0.000010
0.996635 0.000010 0.003335 0.000010 0.000010
0.999960 0.000010 0.000010 0.000010 0.000010
0.277639 0.555617 0.106626 0.023143 0.036976
0.195440 0.706591 0.080364 0.000010 0.017595
0.164624 0.728206 0.089987 0.011756 0.005426
0.159627 0.706065 0.085782 0.029910 0.018616
0.131293 0.705509 0.108278 0.034310 0.020610
0.111562 0.797055 0.054480 0.027556 0.009347
0.210055 0.644200 0.100198 0.015975 0.029572
0.172353 0.729205 0.083317 0.014301 0.000824
0.155650 0.735184 0.083397 0.010180 0.015590
0.145241 0.707930 0.105663 0.029615 0.011551
0.254222 0.598244 0.082852 0.046477 0.018204
0.131157 0.737085 0.090766 0.014374 0.026619
0.000010 0.000010 0.000010 0.999960 0.000010
0.000010 0.000010 0.000010 0.999960 0.000010
0.000010 0.000010 0.000010 0.999960 0.000010
0.000010 0.000010 0.000010 0.999960 0.000010
0.080356 0.214994 0.499393 0.000010 0.205247
0.086029 0.153204 0.714169 0.000010 0.046588
0.076061 0.191483 0.363538 0.000010 0.368909
0.000010 0.000010 0.000010 0.000010 0.999960
0.000010 0.000010 0.999960 0.000010 0.000010
0.000010 0.000010 0.999960 0.000010 0.000010
0.000010 0.000010 0.999960 0.000010 0.000010
0.000010 0.000010 0.000010 0.000010 0.999960
0.000010 0.000010 0.999960 0.000010 0.000010
0.001099 0.000010 0.980229 0.015302 0.003360
0.043299 0.066961 0.249747 0.000010 0.639982
0.000010 0.000010 0.000010 0.000010 0.999960
0.000010 0.000010 0.000010 0.000010 0.999960
0.000010 0.084055 0.850231 0.017588 0.048115
0.000010 0.000010 0.000010 0.000010 0.999960
0.000010 0.000010 0.999960 0.000010 0.000010
0.000010 0.000010 0.999960 0.000010 0.000010
0.000010 0.000010 0.999960 0.000010 0.000010
0.119159 0.296724 0.407230 0.000010 0.176877
0.099605 0.302063 0.452861 0.000010 0.145461
0.057826 0.292211 0.441680 0.000010 0.208272
0.085229 0.288912 0.411460 0.000010 0.214388
0.039320 0.249031 0.400119 0.000010 0.311521
0.084628 0.481869 0.304912 0.021901 0.106689
0.081824 0.306300 0.471175 0.006116 0.134586
0.079880 0.287025 0.399653 0.004881 0.228562
0.123278 0.474492 0.306493 0.000042 0.095695
0.109666 0.319714 0.434524 0.000010 0.136086
0.014233 0.129980 0.631389 0.000010 0.224388
0.037704 0.856908 0.073081 0.000010 0.032297
0.036245 0.913009 0.010102 0.040634 0.000010
0.046572 0.894634 0.007629 0.000010 0.051155
0.040085 0.595378 0.000010 0.362128 0.002400
0.007026 0.927743 0.000010 0.058896 0.006325
0.022444 0.922441 0.018026 0.033787 0.003303
0.101182 0.612074 0.222581 0.016681 0.047483
0.068245 0.791096 0.071202 0.069447 0.000010
0.027341 0.914531 0.000010 0.058107 0.000010
0.010534 0.928873 0.000010 0.045321 0.015263
0.009765 0.962648 0.000105 0.027473 0.000010
0.020143 0.906683 0.000010 0.073154 0.000010
0.006990 0.870114 0.003872 0.098034 0.020989
0.013984 0.919427 0.026655 0.039923 0.000010
0.149031 0.640476 0.118581 0.055079 0.036833
0.078545 0.783414 0.035740 0.076490 0.025811
0.000010 0.999960 0.000010 0.000010 0.000010
0.000010 0.888641 0.058484 0.044820 0.008045
0.000010 0.984946 0.000750 0.000010 0.014284
0.000010 0.939627 0.018522 0.016480 0.025361
0.000010 0.996470 0.000293 0.000010 0.003217
0.000010 0.923749 0.000010 0.055070 0.021161
0.054041 0.829084 0.000010 0.113922 0.002943
