0.062985 0.340235 0.050829 0.545951
0.000010 0.999970 0.000010 0.000010
0.000010 0.999970 0.000010 0.000010
0.000010 0.999970 0.000010 0.000010
0.030863 0.095644 0.049682 0.823810
0.019557 0.103602 0.044448 0.832393
0.016082 0.106290 0.033596 0.844032
0.012972 0.109014 0.212372 0.665642
0.026564 0.095907 0.175564 0.701966
0.008713 0.113595 0.051927 0.825765
0.020428 0.087537 0.387441 0.504594
0.000010 0.099725 0.505644 0.394620
0.027717 0.079493 0.382285 0.510505
0.006187 0.118075 0.494671 0.381067
0.014393 0.085748 0.579120 0.320739
0.010925 0.118934 0.533825 0.336316
0.021342 0.020907 0.033115 0.924636
0.027642 0.109556 0.090685 0.772117
0.033506 0.087204 0.072775 0.806516
0.999970 0.000010 0.000010 0.000010
0.016302 0.092536 0.103808 0.787354
0.042756 0.099498 0.285338 0.572408
0.000010 0.117326 0.090422 0.792243
0.032788 0.088526 0.069616 0.809070
0.014044 0.135824 0.032555 0.817577
0.053951 0.120431 0.042334 0.783284
0.000904 0.109877 0.062965 0.826254
0.000010 0.999970 0.000010 0.000010
0.000010 0.999970 0.000010 0.000010
0.024494 0.973998 0.001497 0.000010
0.000010 0.999970 0.000010 0.000010
0.000010 0.869319 0.053195 0.077475
0.000010 0.999970 0.000010 0.000010
0.000010 0.999970 0.000010 0.000010
0.029071 0.016317 0.010054 0.944559
0.008971 0.000010 0.004841 0.986178
0.000010 0.000010 0.000010 0.999970
0.153606 0.000010 0.000010 0.846374
0.000010 0.999970 0.000010 0.000010
0.004659 0.679835 0.064108 0.251398
0.000010 0.999970 0.000010 0.000010
0.000010 0.999970 0.000010 0.000010
0.000010 0.999970 0.000010 0.000010
0.023217 0.278718 0.133497 0.564568
0.000010 0.195893 0.088458 0.715639
0.010595 0.166667 0.081680 0.741059
0.029607 0.160699 0.092317 0.717377
0.034591 0.132300 0.117103 0.716006
0.027593 0.112716 0.054067 0.805623
0.016206 0.210534 0.120354 0.652907
0.013086 0.173634 0.068170 0.745110
0.009684 0.157243 0.087448 0.745624
0.029039 0.145895 0.102240 0.722825
0.046540 0.255402 0.090324 0.607735
0.013831 0.131693 0.107936 0.746540
0.999970 0.000010 0.000010 0.000010
0.999970 0.000010 0.000010 0.000010
0.999970 0.000010 0.000010 0.000010
0.999970 0.000010 0.000010 0.000010
0.000010 0.079359 0.680779 0.239852
0.000010 0.094029 0.683016 0.222946
0.000688 0.073536 0.734055 0.191721
0.000010 0.000010 0.999970 0.000010
0.000010 0.000010 0.999970 0.000010
0.000010 0.000010 0.999970 0.000010
0.000010 0.000010 0.999970 0.000010
0.000010 0.000010 0.999970 0.000010
0.011473 0.027619 0.843370 0.117538
0.030547 0.044130 0.792503 0.132820
0.001253 0.041904 0.889229 0.067614
0.000010 0.000010 0.999970 0.000010
0.000010 0.000010 0.999970 0.000010
0.022679 0.028265 0.743074 0.205983
0.000010 0.000010 0.999970 0.000010
0.024275 0.026728 0.870953 0.078044
0.014695 0.000010 0.925507 0.059788
0.027332 0.000010 0.899769 0.072889
0.000010 0.118516 0.567888 0.313586
0.002262 0.101177 0.568561 0.328000
0.000819 0.056431 0.633540 0.309210
0.000010 0.085560 0.606803 0.307627
0.000010 0.037488 0.706295 0.256207
0.023102 0.085103 0.389440 0.502355
0.009086 0.083708 0.573007 0.334200
0.006783 0.078966 0.618591 0.295661
0.000985 0.125597 0.377257 0.496161
0.000010 0.110978 0.544694 0.344318
0.000010 0.014248 0.824726 0.161016
0.000010 0.038368 0.095286 0.866336
0.039787 0.037334 0.000010 0.922868
0.000010 0.047214 0.058692 0.894084
0.361510 0.039450 0.000010 0.599030
0.058057 0.008848 0.000010 0.933085
0.032774 0.023897 0.007904 0.935425
0.017060 0.104150 0.248368 0.630422
0.069341 0.070457 0.055976 0.804225
0.057050 0.026076 0.000010 0.916864
0.043928 0.013919 0.000010 0.942143
0.025261 0.009104 0.000010 0.965625
0.071706 0.019304 0.000010 0.908980
0.096639 0.007406 0.020441 0.875514
0.039398 0.015782 0.015105 0.929716
0.054997 0.149730 0.143157 0.652116
0.076644 0.079392 0.055379 0.788586
0.000010 0.000010 0.000010 0.999970
0.044474 0.000010 0.053503 0.902013
0.000010 0.000010 0.009020 0.990960
0.015563 0.000010 0.038202 0.946224
0.000010 0.000010 0.000010 0.999970
0.054884 0.000010 0.010204 0.934902
0.112896 0.054203 0.000010 0.832892
