0.000010 0.000455 0.000010 0.000010 0.000010 0.732074 0.044688 0.222743
0.000010 0.007268 0.000010 0.000010 0.000010 0.000010 0.000010 0.992672
0.000010 0.000010 0.000010 0.000010 0.000010 0.000013 0.000010 0.999927
0.000010 0.000010 0.000010 0.000010 0.000010 0.000010 0.000010 0.999930
0.000016 0.020258 0.215511 0.000010 0.002339 0.748079 0.013777 0.000010
0.000010 0.000010 0.404662 0.062919 0.007185 0.493374 0.008459 0.023381
0.000010 0.000020 0.361102 0.000010 0.011866 0.600800 0.004856 0.021337
0.011558 0.000010 0.233323 0.311062 0.010703 0.410187 0.004837 0.018320
0.021534 0.020414 0.223126 0.211149 0.000010 0.491240 0.018403 0.014124
0.000010 0.000010 0.181473 0.000010 0.022909 0.795567 0.000010 0.000010
0.073435 0.000010 0.100718 0.588088 0.000010 0.216998 0.020731 0.000010
0.054465 0.000010 0.059481 0.809044 0.001913 0.063622 0.000010 0.011455
0.023568 0.008717 0.097598 0.589672 0.000010 0.254269 0.026156 0.000010
0.040764 0.000010 0.003017 0.772728 0.017708 0.149152 0.000010 0.016612
0.145962 0.000010 0.002987 0.825959 0.007657 0.000010 0.015967 0.001449
0.079203 0.016475 0.000010 0.774358 0.000010 0.096391 0.002628 0.030925
0.016093 0.000010 0.760602 0.050800 0.000010 0.166515 0.005959 0.000010
0.000010 0.012936 0.252143 0.086863 0.005745 0.616660 0.016276 0.009367
0.000010 0.008627 0.283418 0.090466 0.000010 0.599313 0.018146 0.000010
0.000010 0.000010 0.000010 0.000010 0.000010 0.000010 0.999930 0.000010
0.000010 0.000010 0.229360 0.103345 0.011961 0.652335 0.002969 0.000010
0.021706 0.000010 0.176087 0.457719 0.000010 0.302212 0.033043 0.009213
0.000016 0.028109 0.041996 0.000010 0.000010 0.929839 0.000010 0.000010
0.000010 0.000010 0.320237 0.090389 0.000012 0.571203 0.018128 0.000010
0.000010 0.003044 0.262116 0.000010 0.005261 0.701990 0.002184 0.025385
0.000010 0.000010 0.133549 0.000666 0.011507 0.807955 0.045424 0.000879
0.000010 0.000010 0.000010 0.000010 0.003219 0.996721 0.000010 0.000010
0.000010 0.000010 0.000010 0.000010 0.000010 0.000010 0.000010 0.999930
0.000010 0.000010 0.000010 0.000010 0.000010 0.000010 0.000010 0.999930
0.000010 0.003012 0.000010 0.000010 0.014413 0.000010 0.019068 0.963468
0.000010 0.000010 0.000010 0.000010 0.000010 0.000010 0.000010 0.999930
0.067507 0.000941 0.000010 0.000010 0.000010 0.081534 0.000010 0.849978
0.000010 0.000010 0.000010 0.000010 0.008927 0.000010 0.000010 0.991013
0.000010 0.000010 0.000010 0.000010 0.000010 0.000010 0.000010 0.999930
0.025770 0.000010 0.973811 0.000010 0.000370 0.000010 0.000010 0.000010
0.000010 0.000010 0.986463 0.000010 0.013477 0.000010 0.000010 0.000010
0.000010 0.004215 0.994170 0.001565 0.000010 0.000010 0.000010 0.000010
0.013972 0.000010 0.857941 0.000010 0.000010 0.000010 0.128037 0.000010
0.000010 0.000010 0.000010 0.000010 0.000010 0.000010 0.000010 0.999930
0.000010 0.034114 0.033778 0.003314 0.016232 0.276202 0.001605 0.634745
0.000010 0.000010 0.000010 0.000010 0.000010 0.000010 0.000010 0.999930
0.011117 0.000010 0.000010 0.000010 0.000010 0.000010 0.000010 0.988823
0.000012 0.000010 0.000014 0.000010 0.000011 0.000010 0.000010 0.999923
0.021826 0.016935 0.000010 0.083222 0.002098 0.699721 0.009667 0.166520
0.025925 0.000010 0.000010 0.028585 0.000010 0.891346 0.000010 0.054104
0.018222 0.000010 0.000010 0.000010 0.001654 0.962049 0.000010 0.018035
0.003020 0.000010 0.000010 0.019136 0.000010 0.977795 0.000010 0.000010
0.000010 0.000010 0.185710 0.137412 0.026036 0.603185 0.023287 0.024350
0.028463 0.000010 0.160447 0.000010 0.000010 0.804669 0.006380 0.000010
0.000010 0.000010 0.000010 0.117558 0.020205 0.781600 0.000849 0.079759
0.022049 0.000010 0.000010 0.000010 0.000010 0.957424 0.000010 0.020477
0.010157 0.000010 0.000010 0.000010 0.002517 0.984935 0.000010 0.002351
0.031835 0.000010 0.000010 0.000010 0.000010 0.968105 0.000010 0.000010
0.017721 0.000010 0.000010 0.026278 0.000010 0.796938 0.031601 0.127433
0.000010 0.000010 0.000010 0.108719 0.000010 0.891221 0.000010 0.000010
0.000010 0.000010 0.000010 0.000010 0.000010 0.000010 0.999930 0.000010
0.000010 0.000010 0.000010 0.000010 0.000010 0.000010 0.999930 0.000010
0.000010 0.000010 0.000010 0.000010 0.000010 0.000010 0.999930 0.000010
0.020864 0.000010 0.151687 0.000010 0.000010 0.000010 0.827399 0.000010
0.000010 0.014808 0.000010 0.940129 0.045013 0.000010 0.000010 0.000010
0.389825 0.000018 0.000014 0.372778 0.148626 0.049825 0.000010 0.038905
0.000010 0.233085 0.000010 0.760097 0.006768 0.000010 0.000010 0.000010
0.000010 0.999930 0.000010 0.000010 0.000010 0.000010 0.000010 0.000010
0.000010 0.000010 0.000010 0.000010 0.999930 0.000010 0.000010 0.000010
0.000010 0.000010 0.000010 0.000010 0.999930 0.000010 0.000010 0.000010
0.000010 0.000010 0.000010 0.000010 0.999930 0.000010 0.000010 0.000010
0.000010 0.999930 0.000010 0.000010 0.000010 0.000010 0.000010 0.000010
0.999926 0.000010 0.000010 0.000010 0.000014 0.000010 0.000010 0.000010
0.999930 0.000010 0.000010 0.000010 0.000010 0.000010 0.000010 0.000010
0.000010 0.545888 0.000010 0.448026 0.006037 0.000010 0.000010 0.000010
0.000010 0.999930 0.000010 0.000010 0.000010 0.000010 0.000010 0.000010
0.000010 0.999930 0.000010 0.000010 0.000010 0.000010 0.000010 0.000010
0.999930 0.000010 0.000010 0.000010 0.000010 0.000010 0.000010 0.000010
0.000010 0.999928 0.000010 0.000010 0.000012 0.000010 0.000010 0.000010
0.999930 0.000010 0.000010 0.000010 0.000010 0.000010 0.000010 0.000010
0.737219 0.000010 0.000010 0.000010 0.262721 0.000010 0.000010 0.000010
0.846650 0.000010 0.000010 0.000010 0.153290 0.000010 0.000010 0.000010
0.000010 0.008478 0.000010 0.947463 0.024644 0.000010 0.000010 0.019374
0.061229 0.000010 0.000010 0.938711 0.000010 0.000010 0.000010 0.000010
0.026107 0.040251 0.000010 0.933367 0.000236 0.000010 0.000010 0.000010
0.065525 0.079325 0.000010 0.855100 0.000010 0.000010 0.000010 0.000010
0.000010 0.141896 0.000010 0.858044 0.000010 0.000010 0.000010 0.000010
0.034782 0.000010 0.150198 0.611547 0.000010 0.173937 0.020412 0.009104
0.127333 0.000010 0.000010 0.816564 0.000010 0.049414 0.006650 0.000010
0.000010 0.066163 0.000010 0.933777 0.000010 0.000010 0.000010 0.000010
0.056469 0.014936 0.013410 0.454893 0.030010 0.408547 0.000010 0.021726
0.101721 0.000010 0.000010 0.783285 0.000010 0.094823 0.000010 0.020131
0.024719 0.075242 0.000010 0.699195 0.200804 0.000010 0.000010 0.000010
0.000010 0.000010 0.693409 0.160031 0.005699 0.131123 0.000010 0.009708
0.002821 0.000010 0.818580 0.000010 0.011463 0.127520 0.023561 0.016035
0.000010 0.036314 0.614368 0.035510 0.000010 0.312283 0.000010 0.001494
0.007724 0.000010 0.387609 0.000010 0.000010 0.267890 0.336736 0.000010
0.000010 0.005394 0.949764 0.000010 0.000010 0.000010 0.038630 0.006172
0.023418 0.000010 0.773374 0.000010 0.000010 0.192756 0.010412 0.000010
0.040983 0.000010 0.071441 0.271648 0.026420 0.583032 0.006456 0.000010
0.041374 0.000010 0.470734 0.028573 0.000010 0.395137 0.053432 0.010730
0.000010 0.000010 0.681676 0.000010 0.000010 0.279015 0.039259 0.000010
0.000010 0.012125 0.802050 0.000010 0.000010 0.156754 0.029031 0.000010
0.000010 0.000010 0.790594 0.000010 0.000010 0.198593 0.010763 0.000010
0.000010 0.000010 0.738138 0.000010 0.009806 0.198173 0.053842 0.000010
0.000010 0.012522 0.642251 0.000010 0.014275 0.254673 0.076249 0.000010
0.000010 0.000010 0.808457 0.010482 0.027395 0.127482 0.026154 0.000010
0.000010 0.000010 0.349494 0.226746 0.006999 0.281090 0.045670 0.089981
0.000010 0.020814 0.285661 0.000010 0.011467 0.627177 0.054851 0.000010
0.000010 0.000010 0.999930 0.000010 0.000010 0.000010 0.000010 0.000010
0.013125 0.000010 0.903437 0.045427 0.020729 0.000010 0.017252 0.000010
0.000010 0.003485 0.996455 0.000010 0.000010 0.000010 0.000010 0.000010
0.000010 0.000010 0.912907 0.087033 0.000010 0.000010 0.000010 0.000010
0.000010 0.000010 0.999930 0.000010 0.000010 0.000010 0.000010 0.000010
0.000010 0.001544 0.975972 0.000010 0.000010 0.000010 0.022434 0.000010
0.000010 0.000010 0.510632 0.000010 0.000010 0.393186 0.096132 0.000010
