0.000010 0.000010 0.000010 0.044423 0.221267 0.000010 0.734270
0.007064 0.000010 0.000010 0.000010 0.992886 0.000010 0.000010
0.000010 0.000010 0.000010 0.000010 0.999940 0.000010 0.000010
0.000010 0.000010 0.000010 0.000010 0.999940 0.000010 0.000010
0.017363 0.000010 0.000010 0.013650 0.000010 0.216072 0.752885
0.000010 0.000010 0.060164 0.008780 0.024297 0.407314 0.499425
0.000269 0.000010 0.000010 0.005289 0.022091 0.364362 0.607969
0.000010 0.018027 0.304342 0.004313 0.020307 0.235172 0.417828
0.020370 0.000010 0.224676 0.018739 0.014708 0.225116 0.496381
0.000010 0.003466 0.000010 0.000010 0.000010 0.186628 0.809866
0.000010 0.016510 0.636228 0.022484 0.000010 0.102025 0.222733
0.000010 0.025681 0.822744 0.000010 0.015338 0.059611 0.076605
0.012847 0.000010 0.600601 0.025680 0.000010 0.102838 0.258014
0.000010 0.028072 0.794705 0.000010 0.021099 0.003989 0.152115
0.000010 0.095244 0.878910 0.017517 0.003703 0.004605 0.000010
0.018636 0.011114 0.842637 0.002178 0.032310 0.000010 0.093114
0.000010 0.000010 0.059686 0.006422 0.000010 0.763059 0.170803
0.013129 0.000010 0.082233 0.016416 0.009950 0.254118 0.624144
0.007993 0.000010 0.083311 0.018660 0.000010 0.285238 0.604778
0.000010 0.000010 0.000010 0.999940 0.000010 0.000010 0.000010
0.000400 0.001165 0.101697 0.003587 0.000010 0.232185 0.660955
0.000053 0.000010 0.468164 0.032424 0.010611 0.179964 0.308774
0.023615 0.000010 0.000010 0.000010 0.000010 0.043003 0.933342
0.000010 0.000010 0.082047 0.018790 0.000010 0.322318 0.576814
0.001088 0.000010 0.000010 0.002348 0.024525 0.264106 0.707913
0.000010 0.002330 0.000010 0.046606 0.000281 0.135773 0.814990
0.000010 0.000010 0.000010 0.000010 0.000010 0.000010 0.999940
0.000010 0.000010 0.000010 0.000010 0.999940 0.000010 0.000010
0.000010 0.000010 0.000010 0.000013 0.999937 0.000010 0.000010
0.003915 0.011824 0.000010 0.019033 0.965197 0.000010 0.000010
0.000010 0.000010 0.000010 0.000010 0.999940 0.000010 0.000010
0.002547 0.045081 0.009051 0.000010 0.850222 0.000010 0.093078
0.000010 0.000010 0.000010 0.000010 0.999940 0.000010 0.000010
0.000010 0.000010 0.000010 0.000010 0.999940 0.000010 0.000010
0.000010 0.024768 0.000010 0.000010 0.000010 0.975182 0.000010
0.000010 0.000136 0.000010 0.000010 0.000010 0.999814 0.000010
0.003118 0.000010 0.000010 0.000010 0.000010 0.996832 0.000010
0.000010 0.001266 0.000010 0.129930 0.000010 0.868764 0.000010
0.000010 0.000010 0.000010 0.000010 0.999940 0.000010 0.000010
0.035832 0.001935 0.009068 0.002227 0.635499 0.035907 0.279532
0.000010 0.000010 0.000010 0.000010 0.999940 0.000010 0.000010
0.000010 0.005032 0.000010 0.000010 0.994918 0.000010 0.000010
0.000010 0.000010 0.000010 0.000010 0.999940 0.000010 0.000010
0.016477 0.009397 0.087976 0.010316 0.166957 0.000010 0.708868
0.000010 0.000014 0.038462 0.000010 0.054840 0.000010 0.906654
0.000010 0.004322 0.000010 0.000010 0.017545 0.000010 0.978093
0.000010 0.000010 0.006403 0.000010 0.000010 0.000010 0.993547
0.000010 0.006587 0.143591 0.023954 0.026946 0.189292 0.609619
0.000010 0.013467 0.000010 0.006860 0.000010 0.163326 0.816317
0.000010 0.003771 0.119932 0.002099 0.082437 0.000010 0.791742
0.000010 0.000040 0.000010 0.000010 0.021740 0.000010 0.978179
0.000010 0.000010 0.000010 0.000010 0.002094 0.000010 0.997856
0.000010 0.001447 0.000010 0.000010 0.000010 0.000010 0.998503
0.000010 0.000010 0.035102 0.033319 0.127375 0.000010 0.804174
0.000010 0.000010 0.082106 0.000014 0.000010 0.000010 0.917840
0.000010 0.000010 0.000010 0.999940 0.000010 0.000010 0.000010
0.000010 0.000010 0.000010 0.999940 0.000010 0.000010 0.000010
0.000010 0.000010 0.000010 0.999940 0.000010 0.000010 0.000010
0.000010 0.009663 0.000010 0.830259 0.000010 0.160038 0.000010
0.036136 0.005498 0.958326 0.000010 0.000010 0.000010 0.000010
0.000010 0.457649 0.453959 0.000010 0.035483 0.000010 0.052879
0.241883 0.000010 0.758067 0.000010 0.000010 0.000010 0.000010
0.999940 0.000010 0.000010 0.000010 0.000010 0.000010 0.000010
0.000010 0.999940 0.000010 0.000010 0.000010 0.000010 0.000010
0.000010 0.999940 0.000010 0.000010 0.000010 0.000010 0.000010
0.000010 0.999940 0.000010 0.000010 0.000010 0.000010 0.000010
0.999940 0.000010 0.000010 0.000010 0.000010 0.000010 0.000010
0.000010 0.999940 0.000010 0.000010 0.000010 0.000010 0.000010
0.000010 0.717324 0.282596 0.000040 0.000010 0.000010 0.000010
0.551444 0.000010 0.448506 0.000010 0.000010 0.000010 0.000010
0.999940 0.000010 0.000010 0.000010 0.000010 0.000010 0.000010
0.999939 0.000010 0.000010 0.000011 0.000010 0.000010 0.000010
0.000010 0.503219 0.496731 0.000010 0.000010 0.000010 0.000010
0.999940 0.000010 0.000010 0.000010 0.000010 0.000010 0.000010
0.000010 0.999940 0.000010 0.000010 0.000010 0.000010 0.000010
0.000010 0.999940 0.000010 0.000010 0.000010 0.000010 0.000010
0.000010 0.844544 0.155406 0.000010 0.000010 0.000010 0.000010
0.023558 0.000010 0.949461 0.000010 0.026941 0.000010 0.000010
0.000010 0.000010 0.999940 0.000010 0.000010 0.000010 0.000010
0.051450 0.000010 0.948500 0.000010 0.000010 0.000010 0.000010
0.086245 0.000010 0.913705 0.000010 0.000010 0.000010 0.000010
0.150192 0.000010 0.849758 0.000010 0.000010 0.000010 0.000010
0.000010 0.000010 0.638766 0.020445 0.011317 0.151514 0.177938
0.000010 0.060349 0.881918 0.005881 0.000010 0.000010 0.051822
0.073989 0.000010 0.925961 0.000010 0.000010 0.000010 0.000010
0.017472 0.061192 0.471649 0.000010 0.021903 0.012510 0.415264
0.000010 0.050363 0.822662 0.000010 0.022604 0.000010 0.104341
0.089602 0.234288 0.676069 0.000010 0.000010 0.000010 0.000010
0.000930 0.000010 0.158329 0.000010 0.011124 0.696422 0.133175
0.000010 0.009538 0.000010 0.024121 0.016768 0.821268 0.128286
0.036131 0.000010 0.028439 0.000010 0.001575 0.617202 0.316634
0.000010 0.000010 0.003372 0.337466 0.000010 0.389320 0.269813
0.003907 0.000010 0.000010 0.038784 0.005563 0.951716 0.000010
0.000010 0.010080 0.000010 0.011147 0.000010 0.780088 0.198655
0.000010 0.048712 0.279756 0.006904 0.000010 0.072192 0.592417
0.000010 0.028748 0.033572 0.053857 0.010632 0.472407 0.400774
0.000010 0.000010 0.000010 0.039235 0.000010 0.681698 0.279026
0.010613 0.000010 0.000010 0.029175 0.000010 0.802972 0.157210
0.000010 0.000010 0.000010 0.010831 0.000010 0.791527 0.197602
0.000010 0.000010 0.000010 0.054799 0.000010 0.743075 0.202085
0.013222 0.006250 0.000010 0.077000 0.000010 0.645645 0.257863
0.000010 0.018277 0.014704 0.026953 0.000010 0.810431 0.129616
0.000010 0.000010 0.226695 0.046002 0.091078 0.351260 0.284945
0.020963 0.000010 0.000010 0.055602 0.000010 0.288742 0.634663
0.000010 0.000010 0.000010 0.000010 0.000010 0.999940 0.000010
0.000010 0.025702 0.051601 0.017688 0.000010 0.904979 0.000010
0.002089 0.000010 0.000010 0.000010 0.000010 0.997861 0.000010
0.000010 0.000010 0.083313 0.000010 0.000010 0.916637 0.000010
0.000010 0.000010 0.000010 0.000010 0.000010 0.999940 0.000010
0.000260 0.000010 0.000010 0.022517 0.000010 0.977183 0.000010
0.000010 0.000010 0.000010 0.096109 0.000010 0.510576 0.393275
